500
9 19
1 13 16 21 22 24 26 30 40
66 71 38 135 136 137 43 76 110 47 16 145 114 148 72 122 103 92 93
9 7
1 20 25 28 34 36 41 42 44
131 36 37 49 146 86 29
9 12
1 5 6 17 26 28 36 41 47
67 44 29 145 82 99 87 89 90 91 92 58
6 3
1 38 43 44 45 47
59 82 139
8 7
1 23 29 30 41 43 45 48
100 73 138 13 150 119 92
7 22
1 6 12 13 17 37 40
4 5 6 7 137 16 145 19 148 22 28 32 56 59 81 87 91 96 103 105 121 123
10 1
1 2 6 10 12 13 18 22 26 33
16
10 5
1 3 9 18 34 37 42 43 46 49
27 90 67 52 38
6 11
1 16 18 26 29 42
2 37 38 7 43 44 143 112 51 85 53
5 24
1 20 21 32 36
1 132 133 8 24 29 36 39 47 51 57 61 63 67 74 75 80 85 86 96 98 100 106 114
6 21
1 10 32 41 44 50
33 98 132 102 1 80 129 42 108 13 60 109 48 18 147 149 68 15 124 61 16
9 22
1 3 7 14 18 27 33 35 44
2 7 136 137 141 142 23 25 32 51 56 81 84 89 94 97 99 106 107 108 113 119
10 8
1 3 4 9 12 15 20 24 27 28
72 137 15 50 147 127 61 63
5 12
1 16 22 35 37
96 2 135 138 13 78 113 147 57 60 10 95
6 13
1 19 22 30 34 50
32 65 130 68 102 40 10 136 18 117 54 60 106
2 24
1 11
132 6 135 138 145 148 149 22 23 30 31 33 39 49 52 57 61 75 82 92 101 102 118 123
9 15
1 2 3 4 5 12 36 41 44
3 114 102 136 87 76 146 113 50 99 121 149 23 25 127
10 6
1 10 20 25 27 30 33 40 42 43
129 39 10 77 46 142
5 21
1 4 7 15 33
130 102 6 71 8 9 74 83 108 5 93 16 53 95 149 23 59 92 125 62 63
5 20
1 24 25 31 45
51 67 131 69 103 137 138 7 12 78 114 19 20 118 119 120 122 29 94 95
10 13
1 5 11 29 34 39 41 45 46 48
64 68 5 105 139 141 46 15 18 85 111 117 63
8 1
1 2 4 18 37 41 46 49
11
10 6
1 2 7 10 11 19 31 34 43 47
145 144 17 52 55 20
6 8
1 10 32 47 48 50
48 37 135 142 16 24 88 121
8 8
1 2 3 4 7 21 22 28
64 96 67 13 143 112 22 56
2 11
1 21
67 71 104 42 44 110 143 49 84 120 31
5 20
1 13 22 23 47
96 1 2 35 102 70 71 73 106 43 45 82 115 116 22 105 24 95 93 31
10 4
1 3 6 13 15 20 27 30 38 45
137 90 6 119
4 9
1 13 27 46
96 44 78 80 87 25 63 62 95
5 20
1 15 19 32 40
112 98 4 101 134 71 72 105 10 2 46 48 8 21 54 24 89 58 94 63
6 2
1 3 34 35 38 44
150 94
9 18
1 6 9 12 15 17 24 37 38
64 66 67 68 135 8 137 107 34 142 79 20 119 88 36 122 59 30
2 5
1 3
96 106 27 92 77
4 22
1 18 23 32
1 7 139 140 141 16 146 22 25 33 40 51 60 69 74 78 88 144 99 103 106 119
9 20
1 2 3 10 11 17 19 23 27
129 11 101 70 39 8 15 107 109 141 47 115 18 147 52 7 122 111 13 31
5 23
1 4 22 23 38
131 6 141 15 18 20 28 31 35 40 43 45 48 66 67 74 81 82 84 91 110 118 125
4 8
1 33 37 38
129 102 97 78 111 18 19 54
8 17
1 12 13 15 26 32 34 42
33 115 4 86 105 12 77 50 83 20 147 118 88 26 60 122 117
8 21
1 6 18 30 32 38 42 46
128 98 34 100 69 6 39 73 106 75 109 2 79 48 91 54 9 58 143 124 118
10 9
1 8 14 16 18 23 27 33 34 37
64 34 99 4 134 7 10 146 95
3 11
1 9 18
70 103 40 7 111 80 113 50 149 58 62
10 11
1 7 8 17 20 26 37 42 43 44
4 69 38 103 140 12 119 121 26 90 94
3 16
1 13 41
36 5 6 47 136 140 41 44 14 111 74 110 54 23 59 61
6 25
1 14 23 29 35 39
2 4 6 135 138 139 143 146 147 32 44 50 52 54 61 75 80 85 88 103 109 111 113 117 123
5 16
1 17 31 40 50
64 1 83 27 7 73 140 143 99 113 19 117 22 26 123 29
3 3
1 26 40
40 114 91
4 11
1 36 48 50
100 113 139 81 84 149 118 119 24 29 127
7 10
1 12 21 29 31 41 48
3 134 38 103 42 75 142 80 110 95
10 24
1 4 9 23 26 36 38 41 47 48
2 4 133 6 7 140 14 20 5 38 50 58 59 70 72 79 142 92 94 96 107 115 117 125
7 9
1 3 6 10 28 43 47
101 136 42 142 48 115 148 90 61
4 2
1 7 25 33
8 115
9 2
1 5 18 28 30 32 38 41 48
40 31
8 7
1 2 8 13 28 46 47 50
97 98 6 11 114 88 123
6 6
1 8 17 23 24 33
12 82 84 52 122 124
5 9
1 23 26 42 50
130 3 4 133 111 48 18 30 63
2 8
1 20
8 9 107 12 136 116 54 126
8 17
1 2 10 18 20 21 29 41
3 129 130 99 131 69 8 75 13 40 19 84 53 119 98 27 93
2 21
1 17
97 132 5 6 71 137 139 44 142 144 83 134 73 23 24 57 7 27 102 94 37
4 8
1 9 12 44
1 3 132 70 140 21 59 85
9 25
1 2 6 19 26 31 34 39 42
4 133 138 11 145 21 150 34 36 38 50 56 60 62 65 66 71 72 77 81 88 92 97 99 126
2 9
1 40
64 131 132 5 8 108 16 145 59
10 18
1 9 15 18 21 26 30 31 47 50
96 65 103 41 44 45 110 144 114 115 52 53 88 20 27 92 30 95
3 11
1 4 20
32 35 103 107 79 82 84 117 54 26 123
9 19
1 6 17 21 36 43 44 45 49
1 133 103 137 76 77 46 143 112 145 50 148 149 150 105 24 52 122 90
8 24
1 6 11 26 31 33 35 50
128 129 2 132 134 139 12 17 26 32 39 57 61 68 73 78 85 88 92 107 117 120 123 125
2 4
1 20
138 140 133 85
2 15
1 17
128 97 69 71 72 74 11 77 16 82 22 24 59 28 125
10 14
1 6 7 8 12 14 28 41 42 44
1 2 34 132 104 74 140 130 15 114 84 52 47 126
4 13
1 18 26 48
34 35 133 73 12 141 112 114 20 54 87 56 58
9 11
1 18 19 21 22 24 26 33 46
130 67 37 72 75 44 144 115 52 149 29
2 10
1 20
102 103 74 76 78 48 147 148 85 93
2 8
1 45
35 7 50 15 146 148 87 31
3 20
1 12 19
1 66 11 36 7 41 135 140 141 93 112 27 18 115 88 58 91 122 30 127
8 21
1 5 14 30 33 34 36 48
51 36 99 100 69 134 71 104 137 77 38 16 19 85 86 73 57 63 124 94 31
10 1
1 12 13 15 21 22 23 24 37 39
98
7 24
1 5 15 26 27 34 49
131 6 139 142 145 24 28 29 134 59 62 66 71 79 90 93 96 102 103 107 109 115 119 121
10 15
1 3 7 10 11 13 23 28 43 46
64 97 34 67 66 133 102 103 130 114 51 84 149 54 25
5 17
1 8 24 38 43
32 129 4 70 134 1 106 144 113 82 97 21 150 88 132 60 62
6 10
1 4 21 25 27 49
130 36 5 146 77 47 112 114 116 24
4 15
1 11 14 42
149 110 4 40 10 77 14 48 72 51 85 24 58 124 95
5 17
1 6 39 45 49
65 83 25 4 5 41 75 130 50 82 51 52 121 57 58 124 29
5 25
1 4 21 31 40
128 130 13 145 146 148 150 33 41 42 53 60 73 79 84 86 88 92 100 105 107 112 116 118 125
9 8
1 2 6 15 26 31 36 48 49
68 13 80 147 52 150 62 63
3 7
1 22 35
96 131 100 5 41 48 126
6 25
1 3 8 35 36 43
3 136 141 145 19 35 36 37 39 43 47 57 58 61 63 68 71 74 79 88 90 114 118 122 124
2 18
1 43
133 149 34 35 54 38 45 46 83 84 142 22 88 26 63 124 37 5
9 20
1 4 9 11 26 37 38 40 43
32 112 2 68 37 134 7 60 74 13 109 80 145 20 24 148 124 42 62 52
9 13
1 4 7 8 23 26 32 34 39
67 104 30 76 45 111 145 21 56 72 122 60 126
10 9
1 10 20 26 29 32 34 35 38 43
33 136 76 77 78 72 117 122 124
5 11
1 3 23 33 37
1 132 69 39 11 141 16 146 120 28 31
3 25
1 19 41
2 3 139 140 149 27 28 30 32 47 53 54 55 59 75 76 80 88 92 99 105 116 118 124 125
7 24
1 2 3 33 44 45 46
135 138 139 140 17 147 21 24 39 42 50 51 63 64 12 76 92 93 99 103 108 115 121 122
8 3
1 6 14 25 35 38 39 42
96 77 118
6 2
1 3 7 20 39 49
133 47
9 3
1 2 3 20 21 29 30 46 50
106 60 85
5 23
1 3 42 48 50
2 132 8 11 141 142 144 18 20 22 32 38 43 44 50 61 77 87 96 112 116 117 125
4 4
1 4 19 29
73 50 81 39
2 8
1 20
64 97 33 73 12 77 125 61
3 2
1 8 20
100 85
6 15
1 18 21 34 37 41
66 38 6 71 136 12 77 112 17 82 147 52 117 58 93
6 3
1 3 9 14 18 48
73 138 143
2 17
1 12
128 99 132 150 134 103 73 138 7 44 111 112 107 118 25 58 79
10 15
1 9 19 20 23 26 29 32 44 49
32 130 107 36 133 81 83 45 142 145 114 51 22 49 95
3 24
1 24 35
130 132 7 13 14 144 25 32 48 54 58 59 62 63 75 76 77 141 84 91 102 104 107 110
3 2
1 39 50
84 93
4 23
1 12 25 43
129 130 4 134 139 142 15 20 149 150 50 59 80 14 88 89 90 102 109 110 119 124 85
3 8
1 30 46
34 35 41 75 12 46 111 20
10 17
1 7 10 14 24 27 41 44 45 49
128 1 130 35 33 32 105 87 73 111 48 20 22 119 7 27 133
7 19
1 10 14 18 27 34 49
128 33 67 115 70 135 64 137 10 11 108 15 144 81 50 83 57 27 138
6 9
1 7 20 36 37 44
6 71 23 78 82 87 59 93 63
2 14
1 7
33 37 102 15 139 14 61 113 83 26 79 90 134 31
3 5
1 29 32
40 65 60 121 97
7 16
1 2 11 18 33 39 49
32 2 67 36 71 108 132 44 109 78 50 19 14 100 91 126
6 16
1 7 12 13 33 47
96 64 3 54 43 109 77 78 111 49 22 57 122 79 29 150
2 12
1 15
32 100 40 74 142 138 80 21 86 23 24 125
6 24
1 5 15 19 24 42
130 7 140 2 144 22 25 37 40 70 78 88 89 91 94 95 16 98 102 103 106 110 116 119
3 16
1 8 39
96 107 22 71 41 42 11 50 147 9 149 118 87 59 124 94
2 8
1 13
32 131 132 48 115 117 22 89
5 13
1 33 36 49 50
96 97 98 67 36 136 139 45 46 8 56 68 58
8 8
1 6 9 22 26 29 31 32
75 71 73 39 78 143 20 58
3 1
1 17 36
130
2 1
1 16
94
10 9
1 7 13 18 23 33 35 39 43 46
68 79 15 84 88 148 143 106 62
7 6
1 3 5 16 31 32 43
1 102 14 80 84 22
8 12
1 10 19 21 24 28 34 47
112 37 134 103 109 47 16 17 18 117 93 126
6 5
1 9 13 29 36 42
19 95 3 85 47
5 7
1 20 24 28 30
64 43 146 121 56 89 91
6 12
1 13 36 37 43 45
132 102 136 41 106 119 110 16 49 25 72 4
9 5
1 2 21 23 24 28 31 41 48
99 2 11 149 86
8 18
1 2 4 14 21 24 38 48
84 1 131 6 97 106 43 146 93 10 115 116 52 58 111 95 125 63
7 17
1 8 22 34 36 49 50
97 66 67 6 71 138 56 50 35 94 88 57 26 91 10 126 63
3 21
1 4 25
123 65 98 99 5 6 135 72 138 43 44 66 142 15 144 18 67 149 120 27 16
4 1
1 17 24 41
9
7 21
1 11 22 28 32 44 47
65 131 132 5 7 9 10 139 12 45 13 141 120 18 21 124 56 71 143 117 85
3 18
1 23 26
128 132 6 134 135 105 76 77 110 13 80 81 82 21 150 56 49 38
10 7
1 8 15 18 19 21 33 35 38 39
73 74 145 18 19 21 123
9 5
1 5 8 13 17 33 40 41 50
120 18 37 29 101
8 24
1 2 17 20 28 39 49 50
2 8 138 139 140 130 148 149 150 26 30 35 39 41 64 86 89 96 98 102 107 109 120 124
5 21
1 2 13 31 34
96 97 3 36 69 134 72 146 109 113 50 83 116 55 68 136 111 124 93 30 51
10 19
1 8 10 20 21 32 38 39 44 47
64 65 27 97 70 81 33 136 137 10 39 140 111 113 1 150 24 15 125
4 8
1 13 15 31
64 4 76 141 110 109 115 78
10 11
1 2 5 18 24 25 36 40 41 48
67 4 72 106 11 47 112 54 89 15 28
9 12
1 7 8 16 23 35 40 43 47
135 74 107 76 109 77 81 117 55 15 60 149
3 24
1 2 10
133 8 13 17 20 150 33 41 50 54 55 56 61 63 71 72 73 85 87 94 95 99 101 116
9 4
1 4 7 10 15 17 32 39 41
25 122 147 52
8 21
1 5 14 16 18 23 25 30
96 129 130 100 98 70 135 72 9 107 108 114 14 47 16 18 84 57 26 29 37
3 16
1 31 42
33 98 134 136 106 13 46 15 80 113 115 88 27 124 61 95
3 19
1 11 27
66 99 150 136 9 10 75 140 14 111 113 138 131 78 54 120 15 53 69
3 4
1 12 28
96 89 130 100
6 13
1 10 14 15 32 34
48 99 131 8 47 80 82 83 120 27 92 125 30
4 9
1 25 26 37
1 3 4 9 111 131 85 121 21
10 17
1 18 20 27 33 34 37 38 39 45
133 96 102 6 10 43 140 45 111 48 52 117 86 56 59 134 63
5 9
1 14 23 27 44
33 135 105 43 45 51 137 71 61
5 19
1 7 41 43 49
129 66 131 100 6 72 41 141 142 143 19 14 9 25 26 111 28 29 127
8 3
1 5 7 19 25 29 33 47
51 134 31
4 15
1 8 15 23
67 49 136 10 139 114 142 15 40 82 107 20 119 60 126
5 23
1 17 30 41 47
1 131 129 9 142 147 150 37 41 43 50 51 73 74 85 94 104 111 112 119 122 123 127
5 1
1 7 17 41 46
92
6 12
1 2 21 31 43 46
64 97 130 131 139 143 144 114 20 21 24 122
10 9
1 5 6 10 24 30 33 41 46 49
67 132 6 40 78 146 89 120 57
5 22
1 24 27 37 44
129 130 5 143 144 150 25 39 43 45 46 51 53 57 60 85 90 108 109 122 124 125
9 24
1 4 11 21 27 29 36 38 50
3 132 133 8 14 149 24 29 40 56 66 74 75 79 81 82 87 91 92 99 116 119 120 122
7 17
1 4 21 30 40 45 49
65 2 27 36 70 109 16 81 52 85 86 90 123 124 122 126 53
7 1
1 3 5 20 30 33 37
17
9 10
1 9 20 26 30 32 34 41 47
69 102 77 18 126 6 63 28 30 95
8 9
1 3 8 16 20 21 29 41
129 75 114 147 85 118 119 59 62
5 16
1 27 33 41 46
96 33 34 5 39 119 18 110 80 82 115 23 25 60 93 55
2 6
1 23
130 113 117 89 92 29
7 18
1 14 15 18 19 35 50
66 17 37 38 145 136 7 46 125 81 52 121 57 26 31 29 30 5
2 25
1 26
128 134 10 12 142 16 148 27 41 44 45 50 54 64 70 73 76 81 83 95 104 111 115 120 121
5 13
1 3 8 16 42
145 104 137 10 11 44 142 17 148 85 90 60 61
8 14
1 8 9 12 27 33 39 48
65 99 4 133 38 77 78 111 146 54 23 90 91 28
10 25
1 3 5 6 13 15 27 35 45 47
3 136 143 145 20 149 33 37 49 51 52 53 54 55 57 66 67 68 88 89 101 107 109 112 121
4 20
1 2 6 43
2 99 4 37 70 8 137 138 44 130 48 115 30 22 25 58 95 101 126 85
3 25
1 5 46
130 3 7 8 139 148 22 32 35 47 68 75 76 81 84 89 93 96 101 109 111 116 119 20 127
7 25
1 11 28 30 31 34 36
130 139 16 145 147 150 40 47 50 68 69 78 84 86 89 100 101 104 108 111 112 114 122 124 127
10 1
1 12 14 16 24 25 26 40 43 46
142
5 12
1 17 24 29 38
34 103 40 45 14 113 52 53 58 91 28 94
10 12
1 3 5 9 13 17 24 34 35 49
139 72 43 12 114 46 82 123 122 27 125 95
9 5
1 3 8 12 14 15 18 44 45
57 130 67 126 49
8 12
1 7 13 14 24 29 35 37
64 107 2 43 100 8 73 11 78 51 67 125
8 10
1 2 3 8 11 29 37 49
128 66 68 102 108 111 82 86 55 26
7 6
1 7 17 39 43 48 49
3 141 142 24 85 120
3 14
1 15 21
148 36 102 138 29 120 115 116 117 87 56 52 143 10
3 14
1 31 47
129 39 40 139 76 15 48 23 88 25 27 28 94 63
6 3
1 14 21 34 40 41
32 24 69
7 17
1 7 13 23 29 30 49
64 65 131 19 104 75 44 142 47 125 147 150 26 92 61 94 127
3 22
1 7 12
128 130 3 5 136 2 143 144 20 33 34 39 41 48 57 77 86 87 92 94 105 119
6 20
1 20 42 44 46 48
37 134 71 104 73 75 108 142 60 112 44 52 21 150 120 122 143 124 125 127
2 23
1 38
130 131 142 16 20 150 23 24 28 31 32 38 41 42 43 44 51 53 56 63 79 89 90
4 3
1 3 18 28
64 73 48
8 21
1 6 22 28 30 34 44 45
32 97 2 107 5 7 138 23 135 78 61 16 147 84 142 55 121 58 60 122 126
7 6
1 5 6 11 21 35 47
33 99 36 114 147 21
9 11
1 6 19 21 27 38 40 43 49
32 65 130 133 17 8 75 77 16 136 150
2 9
1 6
37 10 43 49 20 149 119 23 59
3 18
1 3 24
64 65 98 91 68 101 38 40 61 45 15 72 83 121 27 125 94 31
5 4
1 25 30 31 40
129 42 52 46
9 25
1 2 11 12 22 29 37 40 41
3 4 6 7 8 10 42 136 51 58 62 64 68 83 89 94 95 97 99 100 102 112 114 120 126
2 4
1 8
73 91 36 39
3 14
1 4 25
83 35 132 37 39 105 74 141 131 150 24 122 60 69
5 18
1 3 16 38 41
96 130 100 145 139 44 45 46 80 81 50 66 88 121 90 36 58 127
8 25
1 9 10 13 16 42 43 48
130 131 7 139 148 30 32 37 40 50 55 59 63 65 72 79 88 91 96 100 102 109 119 120 122
7 1
1 5 8 9 28 31 43
50
3 8
1 25 38
96 2 67 37 41 108 46 94
6 10
1 2 20 33 41 49
68 65 130 4 102 70 39 77 14 57
6 21
1 26 27 32 36 44
66 27 4 69 134 135 9 42 107 28 111 144 113 84 149 54 137 25 91 60 126
10 22
1 3 10 12 27 29 31 38 41 43
134 10 15 144 20 24 33 38 42 50 51 53 54 57 69 77 78 81 92 97 111 124
7 17
1 4 5 23 29 36 47
48 131 100 69 42 101 144 82 147 52 85 22 121 58 28 29 95
10 21
1 7 14 23 26 27 28 36 37 47
32 66 132 7 104 105 14 43 45 46 61 16 24 20 78 54 41 2 25 29 63
3 2
1 20 38
42 149
6 19
1 9 10 11 29 40
35 100 5 134 7 92 107 12 45 16 99 53 86 55 121 58 60 93 95
7 22
1 4 16 22 34 38 39
132 8 12 13 149 25 29 31 38 49 61 62 69 71 74 79 92 102 110 116 120 124
4 8
1 30 34 47
99 103 72 74 71 109 11 56
4 19
1 23 24 50
32 1 98 131 100 69 134 104 10 43 13 110 81 116 21 22 88 84 42
7 23
1 2 13 18 22 36 39
134 7 8 137 10 11 142 18 147 22 27 33 38 50 9 57 68 90 91 97 98 99 115
4 22
1 14 39 47
128 132 11 13 144 145 19 148 28 32 38 43 45 77 78 80 84 94 95 102 17 109
3 2
1 2 48
41 99
7 19
1 2 3 12 16 38 42
64 147 39 40 9 138 103 18 14 111 17 146 115 142 55 89 136 119 21
2 11
1 48
64 135 42 11 81 51 21 120 27 93 31
9 3
1 3 18 24 26 29 39 48 49
138 76 146
10 9
1 16 22 31 35 36 40 41 44 46
64 128 36 133 110 48 84 57 59
4 21
1 4 34 40
32 128 83 68 54 65 7 10 62 46 146 51 116 21 118 23 57 26 70 30 63
10 9
1 5 7 11 15 17 31 35 36 47
96 32 66 35 69 10 12 98 83
9 15
1 18 21 22 28 31 35 37 43
97 3 100 102 70 81 104 15 107 143 72 139 4 79 20
6 15
1 16 20 27 29 44
51 59 133 70 7 140 76 77 113 123 90 27 92 29 126
7 3
1 3 9 24 25 34 37
64 146 115
2 24
1 37
129 132 138 139 143 147 150 33 36 39 56 58 60 66 81 89 93 102 104 106 116 117 118 122
6 3
1 19 20 22 40 43
114 123 101
2 24
1 19
2 140 130 14 146 148 24 31 32 33 36 44 45 63 141 88 95 96 97 98 105 18 110 123
6 19
1 10 25 32 37 43
128 66 68 69 134 142 40 63 145 45 46 49 146 149 27 28 10 126 95
9 9
1 3 4 5 22 25 27 33 38
98 99 69 102 66 45 17 147 52
5 1
1 18 28 32 45
143
6 13
1 3 16 22 35 40
33 68 51 40 110 81 18 83 23 89 90 61 30
10 16
1 13 15 21 25 27 31 34 48 49
32 25 104 41 139 108 111 148 150 23 52 58 119 93 30 31
7 23
1 2 5 16 18 48 50
129 133 7 139 12 15 17 149 22 42 135 44 56 72 74 80 81 94 102 103 117 120 122
3 13
1 18 20
64 112 131 37 71 76 16 82 83 53 88 62 117
10 22
1 9 17 24 25 27 30 33 34 49
1 133 134 8 140 15 144 150 23 25 28 6 53 69 80 89 96 102 103 114 122 124
5 9
1 25 40 42 47
5 134 81 145 146 148 87 89 91
3 21
1 29 47
34 3 100 69 7 136 124 139 45 16 81 115 117 86 119 67 127 28 125 85 95
9 8
1 3 8 9 10 22 25 39 43
32 128 103 136 64 112 25 29
5 19
1 3 6 27 34
2 99 69 39 42 75 108 141 110 79 16 34 50 147 20 85 47 93 126
10 5
1 2 3 5 7 19 20 30 31 32
32 137 12 29 87
5 17
1 4 11 18 35
65 66 3 68 5 104 109 42 140 2 125 48 113 18 91 93 37
2 10
1 35
16 37 14 48 149 121 90 59 94 95
9 11
1 23 28 30 35 39 41 42 44
32 65 103 96 106 139 108 46 47 142 28
9 22
1 5 12 25 26 28 36 38 41
130 131 8 137 139 27 34 62 63 64 68 75 82 91 92 96 105 107 108 120 124 127
2 9
1 16
139 74 11 49 148 149 118 25 92
5 21
1 9 24 29 34
34 3 100 6 71 8 105 106 44 13 46 47 10 12 53 150 89 4 127 138 31
10 9
1 2 9 18 21 31 37 42 43 49
5 134 8 82 116 23 148 29 127
8 21
1 8 12 13 31 38 41 47
98 36 6 135 72 105 79 55 12 45 103 47 17 85 41 57 59 124 42 30 149
9 7
1 19 21 27 33 36 39 47 48
67 47 16 52 89 111 93
10 1
1 4 5 15 22 26 35 40 47 48
75
9 2
1 12 19 23 24 28 32 34 44
37 38
7 17
1 15 18 20 23 30 49
35 36 69 6 39 106 44 143 144 49 20 150 57 74 125 30 63
3 13
1 12 27
130 102 135 9 39 140 13 78 47 88 50 56 59
9 6
1 7 9 27 29 30 41 47 48
130 132 133 75 141 149
8 24
1 6 8 11 12 16 26 35
130 134 8 21 27 32 39 45 47 52 53 57 59 62 72 73 77 79 90 93 102 105 115 149
2 7
1 9
128 41 107 16 145 123 62
4 6
1 9 40 47
111 81 58 91 124 122
2 20
1 23
98 3 100 25 102 137 42 11 140 130 46 76 81 51 52 21 55 23 20 127
8 15
1 10 19 20 25 26 42 49
79 75 69 106 23 141 110 15 48 82 19 126 119 27 94
6 1
1 10 16 18 31 39
119
7 9
1 4 16 21 32 40 46
37 103 15 113 85 118 121 24 89
2 3
1 16
72 58 126
8 6
1 2 3 4 21 35 44 49
129 133 46 112 117 125
9 16
1 8 11 31 33 40 41 42 45
129 98 133 102 40 12 44 141 142 109 50 20 22 120 30 127
6 13
1 23 27 30 33 36
128 129 36 69 134 7 42 13 146 147 84 61 63
3 25
1 33 46
1 130 132 139 14 143 144 145 147 24 29 51 56 59 62 77 80 142 88 93 97 98 101 112 115
2 25
1 15
1 3 133 134 140 13 15 146 24 26 27 53 56 63 69 75 79 81 86 98 99 107 111 114 121
6 21
1 13 15 20 22 37
32 35 34 131 147 70 107 65 104 106 75 76 109 48 83 20 121 100 95 93 63
8 23
1 11 15 16 28 34 38 45
130 131 133 8 137 2 144 145 20 23 29 35 46 50 60 66 67 77 80 91 99 17 110
4 5
1 2 24 28
136 33 139 68 39
4 17
1 16 28 46
98 67 4 133 102 7 63 66 130 109 112 3 85 90 123 62 31
6 22
1 7 8 14 20 49
131 7 11 142 39 43 54 55 58 61 66 69 71 81 83 86 88 89 96 99 102 121
4 17
1 5 16 22
129 2 1 47 55 135 78 15 112 9 94 119 58 127 92 126 31
8 24
1 8 13 17 18 21 32 49
2 134 136 9 141 14 143 16 20 21 150 23 24 34 35 41 42 43 55 68 74 88 94 111
4 12
1 22 38 48
18 140 107 44 13 14 79 82 147 25 61 63
9 10
1 5 13 17 21 39 42 45 46
70 40 11 15 84 21 55 25 29 127
2 24
1 23
129 3 4 134 13 148 149 34 45 50 63 67 70 71 85 98 99 100 101 105 106 108 20 127
6 13
1 6 16 23 29 49
97 67 134 70 136 139 141 104 50 115 85 27 62
10 9
1 2 5 8 13 15 17 20 35 36
107 138 139 140 3 88 122 59 95
10 15
1 2 12 15 20 22 23 24 27 41
64 65 66 27 69 39 15 106 111 116 21 121 122 47 124
7 4
1 14 16 29 47 48 50
48 40 98 150
5 4
1 12 13 16 36
8 27 30 6
2 18
1 45
9 135 145 76 74 75 108 46 88 115 116 86 105 24 25 58 93 95
3 16
1 26 48
128 100 103 76 44 141 142 61 109 55 88 25 26 124 93 62
2 18
1 30
11 132 134 137 106 43 108 79 112 49 115 117 86 73 100 87 15 125
2 11
1 5
32 100 5 137 13 111 112 20 117 92 53
10 12
1 5 8 12 13 24 29 31 41 48
33 69 113 136 73 107 76 17 19 85 58 124
2 7
1 29
34 5 134 106 79 20 25
5 2
1 8 12 36 47
93 45
3 21
1 14 36
32 130 36 101 103 124 106 44 126 142 48 113 147 52 21 85 132 31 60 62 95
6 11
1 25 27 31 39 42
32 1 10 108 61 82 90 86 122 125 31
4 2
1 3 25 39
106 21
10 24
1 5 14 21 23 30 33 37 45 49
1 5 9 10 15 18 26 31 35 36 49 59 66 73 75 76 83 84 90 92 121 122 124 126
9 12
1 4 5 17 28 39 41 42 45
1 130 37 104 93 111 148 85 150 123 28 61
9 4
1 5 7 10 12 14 18 23 36
129 138 3 7
2 7
1 18
41 145 88 57 61 126 95
3 23
1 25 34
128 130 3 132 133 7 137 138 139 26 30 46 53 54 58 83 85 88 94 101 108 118 127
8 21
1 12 13 17 26 36 38 47
32 129 130 123 100 37 134 40 105 77 79 48 49 146 52 57 98 59 61 69 127
6 14
1 5 6 11 17 26
1 100 37 48 40 41 135 5 77 16 81 54 124 133
2 15
1 13
64 33 99 132 102 32 104 73 139 11 18 20 120 121 58
3 5
1 11 27
130 99 149 118 79
4 24
1 4 10 40
136 11 142 21 150 26 32 46 52 55 56 61 72 75 77 81 89 92 95 105 106 115 118 119
8 11
1 4 9 25 44 47 48 50
66 99 5 134 73 141 84 118 52 31 133
7 10
1 7 17 18 30 42 45
129 38 41 76 140 147 53 54 88 126
10 15
1 6 9 10 12 16 24 28 32 40
5 71 76 106 75 140 48 147 84 150 89 25 92 61 94
4 4
1 9 32 43
111 124 117 15
9 16
1 6 17 23 27 30 31 40 42
96 112 99 147 106 75 44 16 115 146 67 20 121 58 125 95
9 13
1 12 24 27 28 30 45 48 50
99 4 6 71 72 108 42 44 15 80 73 123 126
6 24
1 2 5 10 14 49
128 4 10 19 148 22 28 35 42 48 49 55 61 74 78 82 90 99 100 101 104 105 122 127
10 7
1 8 16 17 18 29 38 41 44 50
98 100 66 46 79 143 30
2 23
1 31
1 132 135 136 9 10 11 144 147 37 43 50 52 65 78 82 83 88 90 94 110 118 120
5 10
1 18 23 27 34
16 136 74 139 80 51 27 124 61 94
10 2
1 6 15 16 18 31 33 40 48 50
106 75
9 7
1 6 9 10 19 27 31 43 50
136 45 149 121 27 93 63
9 17
1 11 18 19 30 31 36 40 41
32 51 99 147 38 17 104 41 111 113 114 35 20 131 118 23 72
10 2
1 9 13 16 19 20 24 26 29 43
92 79
10 12
1 15 16 17 18 20 25 29 42 50
133 38 106 140 141 47 52 22 87 25 122 69
2 14
1 30
96 1 130 135 41 7 108 15 145 82 87 89 59 29
4 22
1 5 11 41
1 3 132 133 7 136 13 25 30 38 42 68 78 93 97 99 112 114 115 124 125 126
8 3
1 9 16 27 32 33 36 40
65 91 77
6 9
1 6 14 20 38 44
133 8 45 15 112 52 54 28 125
2 9
1 48
131 133 9 138 75 48 114 86 95
5 9
1 23 28 32 39
67 36 134 52 21 54 88 121 92
10 1
1 13 21 23 28 29 31 39 44 45
102
10 17
1 3 6 7 8 22 25 32 33 36
96 32 2 105 106 11 108 110 144 24 84 117 118 120 122 30 31
6 11
1 9 22 37 39 40
130 70 104 137 12 110 49 18 58 28 126
8 8
1 14 21 33 37 42 47 48
2 67 75 140 45 14 82 59
9 12
1 2 14 16 19 22 26 42 44
131 37 71 9 75 144 99 147 20 7 92 31
8 16
1 4 12 13 22 33 35 37
96 33 83 37 102 39 137 45 46 77 147 86 23 120 124 63
3 7
1 14 19
33 3 41 12 142 122 91
10 1
1 14 17 19 23 28 36 37 39 43
44
8 1
1 19 24 25 36 40 41 45
24
5 7
1 6 39 40 45
39 42 78 46 121 90 31
7 25
1 6 11 17 25 29 40
1 4 133 7 137 11 12 20 22 5 49 50 58 31 60 64 66 69 70 74 76 82 97 121 122
2 2
1 24
11 30
8 8
1 2 18 32 39 47 48 49
130 68 7 10 140 78 57 138
6 7
1 12 28 34 38 49
131 36 71 136 110 147 68
8 11
1 4 12 25 29 34 37 38
1 130 123 134 71 107 44 34 14 91 60
6 18
1 11 14 23 25 34
129 67 132 133 16 39 136 106 77 144 145 116 97 40 57 63 62 127
2 4
1 39
80 88 84 133
9 22
1 16 20 27 34 35 37 39 46
2 5 7 27 28 133 32 38 40 42 54 31 72 74 79 83 89 91 97 104 105 120
6 5
1 11 19 20 24 43
138 79 82 142 55
4 16
1 3 37 38
98 99 4 37 102 9 75 34 93 79 81 107 86 59 60 29
10 13
1 5 6 13 14 27 29 30 38 43
128 129 130 35 8 73 74 17 18 149 54 24 62
3 13
1 2 39
129 98 99 36 40 41 125 13 79 50 89 58 29
3 18
1 22 38
32 16 98 4 38 81 72 128 11 108 14 8 112 17 150 57 123 94
2 10
1 40
32 105 76 45 110 47 17 78 90 111
5 22
1 4 10 41 44
3 135 140 141 142 16 146 131 27 29 33 35 55 59 70 80 85 88 104 109 119 123
2 22
1 7
134 135 136 139 12 13 21 29 33 48 61 63 86 90 94 98 99 103 104 108 115 123
2 6
1 15
66 10 107 119 59 62
10 21
1 2 3 5 6 8 29 40 48 49
33 66 99 36 86 129 136 92 106 11 141 73 81 146 53 118 119 57 127 101 31
9 1
1 7 14 21 25 41 43 47 49
85
9 11
1 9 17 21 33 34 38 44 46
129 148 112 48 17 116 85 89 123 30 95
4 21
1 19 30 47
149 42 66 4 102 38 137 57 140 141 142 143 49 146 51 53 134 89 125 30 95
9 14
1 3 4 6 13 17 29 30 48
1 130 33 105 42 12 98 80 81 116 21 22 87 27
3 13
1 13 40
130 101 17 40 45 46 49 51 148 85 22 121 93
2 1
1 43
47
7 11
1 6 21 27 31 33 42
128 67 68 133 135 72 105 46 16 150 25
7 15
1 5 9 10 19 45 47
64 65 97 37 7 105 74 43 76 84 119 120 89 42 30
10 6
1 2 5 14 20 21 27 36 44 48
32 3 68 75 119 25
5 20
1 8 10 17 25
64 16 66 68 5 103 140 42 75 12 112 81 18 19 87 24 89 123 28 29
3 9
1 16 45
133 38 17 82 51 52 22 116 94
4 1
1 13 32 40
96
3 18
1 2 48
65 130 68 101 102 12 73 108 77 110 13 147 105 41 119 61 30 53
5 9
1 7 16 25 41
128 2 45 109 49 83 20 91 61
4 9
1 9 41 43
34 131 100 101 41 114 117 118 61
3 21
1 23 34
64 2 35 134 103 104 42 7 14 47 80 91 20 150 116 26 27 135 125 94 127
10 5
1 4 5 16 17 27 31 34 36 46
73 140 107 84 95
5 15
1 12 28 39 41
32 66 136 9 75 49 83 149 86 89 90 91 124 125 62
4 16
1 7 15 35
35 5 105 10 138 141 111 16 83 150 9 120 57 22 58 69
3 20
1 19 26
32 65 98 100 5 70 135 10 73 74 75 12 142 111 82 79 55 25 15 138
10 25
1 4 6 15 16 20 25 39 44 46
3 9 11 12 13 131 149 22 35 43 57 64 76 79 83 90 93 101 104 109 112 19 116 119 123
3 2
1 21 31
115 111
2 11
1 30
1 131 107 45 143 27 81 84 43 56 59
2 18
1 10
2 68 121 10 139 66 15 145 18 115 20 21 119 100 59 125 30 63
9 11
1 13 17 20 27 28 42 44 47
132 42 11 12 109 15 51 89 100 60 63
4 13
1 3 16 30
96 66 101 104 137 139 44 113 140 23 87 29 127
8 7
1 8 9 17 22 34 36 47
65 86 10 52 53 150 55
6 25
1 7 32 36 38 42
129 4 1 144 145 148 30 32 42 50 56 57 62 64 84 91 95 98 102 103 110 111 113 118 125
4 6
1 30 33 36
3 133 44 60 61 126
5 16
1 7 30 40 47
115 132 102 93 9 46 15 81 50 51 25 120 68 27 28 29
7 9
1 2 6 17 25 42 50
128 1 100 37 41 42 110 87 122
7 13
1 2 9 19 25 34 39
132 150 70 140 125 145 84 117 118 56 25 111 61
6 22
1 3 4 6 24 42
3 9 140 141 17 146 19 23 24 35 52 56 65 69 75 76 82 86 90 100 105 109
4 1
1 34 39 46
116
7 24
1 3 16 19 25 27 30
132 134 7 139 140 141 144 23 26 37 39 42 44 50 53 72 77 87 88 94 97 103 110 121
9 22
1 6 13 24 31 36 37 39 43
128 130 136 138 140 15 21 43 48 53 58 59 63 69 84 99 110 111 113 121 125 127
6 7
1 3 4 6 16 17
38 45 47 16 87 92 127
8 11
1 2 4 12 26 35 41 50
130 11 40 10 43 34 20 54 24 74 31
9 22
1 24 31 33 44 46 48 49 50
9 12 145 18 150 30 33 37 38 42 46 51 58 71 140 94 103 105 119 122 123 126
7 23
1 2 9 15 21 32 49
3 137 12 141 15 146 26 33 91 50 57 62 63 71 90 143 104 106 18 114 118 123 127
9 21
1 6 8 9 12 19 20 29 48
144 99 4 103 41 11 76 77 14 93 16 82 115 116 53 54 119 121 122 61 62
2 1
1 47
134
6 11
1 5 33 40 41 42
19 35 75 11 83 84 87 122 27 60 126
9 17
1 5 8 19 32 41 45 47 49
97 67 36 38 102 41 73 82 115 86 119 120 100 5 29 94 31
4 16
1 10 25 46
97 34 67 36 5 135 140 108 77 79 82 123 121 37 61 127
2 20
1 45
50 100 70 106 43 44 82 78 143 112 11 18 20 57 119 88 89 47 92 138
2 12
1 48
33 135 40 138 77 78 15 112 113 86 29 127
8 2
1 7 10 33 37 38 46 49
73 142
5 12
1 13 17 38 50
65 3 133 39 11 13 110 20 87 52 121 37
9 17
1 2 3 8 29 38 43 44 48
129 66 35 133 134 1 107 146 49 114 52 43 120 90 123 102 127
3 24
1 38 45
134 14 17 146 20 31 44 45 58 59 61 63 65 69 76 77 78 84 87 102 115 118 121 124
5 15
1 15 21 23 36
32 34 36 134 135 72 145 55 142 113 85 41 7 60 117
7 8
1 7 15 20 21 25 38
33 6 109 142 15 52 90 123
10 19
1 5 7 10 13 24 25 31 35 42
147 96 130 34 66 30 39 105 10 146 79 115 114 51 21 86 121 62 53
4 11
1 26 27 33
35 36 39 43 15 16 49 85 119 25 93
5 2
1 2 25 27 50
144 34
5 15
1 5 15 20 22
128 107 68 38 72 43 108 16 49 149 25 121 123 36 95
8 13
1 16 19 23 26 27 30 40
129 66 101 48 42 109 112 113 50 25 98 124 94
6 2
1 3 14 26 28 43
77 7
8 15
1 7 14 29 34 37 38 43
2 67 6 38 8 76 75 44 110 81 19 57 26 92 30
9 16
1 6 21 30 31 33 35 40 46
129 69 7 41 30 55 77 15 80 147 53 87 122 124 62 85
10 4
1 2 4 6 14 24 29 37 41 49
16 32 93 22
6 5
1 8 15 29 41 45
145 33 27 93 29
8 20
1 2 8 11 15 35 43 45
32 65 37 70 7 53 106 29 14 15 17 50 84 110 23 90 127 125 62 63
9 17
1 4 8 10 12 20 24 31 40
96 128 34 3 65 137 71 108 98 110 93 81 142 60 29 126 21
9 20
1 2 13 16 27 30 32 34 42
129 2 107 41 79 75 76 98 78 15 144 18 148 149 89 57 58 59 42 21
10 19
1 3 9 11 23 24 31 42 47 50
96 128 4 5 136 73 138 110 79 80 120 105 117 121 88 25 9 61 63
7 5
1 2 6 15 25 28 30
119 114 27 92 143
8 22
1 17 18 30 33 34 36 46
131 132 6 135 15 27 30 35 51 54 66 67 68 83 84 91 97 100 107 110 116 127
8 22
1 5 17 23 36 39 43 49
3 7 137 11 13 145 131 25 26 27 28 29 59 62 76 86 88 92 101 110 119 127
8 20
1 8 9 15 26 29 33 34
68 66 123 132 98 37 26 2 14 56 18 147 116 24 36 90 27 28 29 127
9 15
1 4 5 13 20 29 33 40 47
64 66 71 11 12 78 111 16 50 52 122 55 90 59 93
3 8
1 34 48
98 69 74 80 18 22 29 31
7 22
1 9 11 12 13 24 34
130 9 142 19 149 23 24 26 27 28 29 39 41 47 54 56 81 82 94 97 99 101
9 2
1 5 12 14 15 18 24 37 50
58 36
9 12
1 4 16 28 31 32 37 40 43
98 35 135 15 75 110 111 48 113 119 26 27
10 11
1 3 8 10 20 27 32 42 43 50
36 104 137 50 14 92 146 54 100 26 124
4 6
1 15 27 34
32 71 44 113 28 62
4 1
1 27 28 32
65
4 18
1 2 24 40
128 34 35 103 104 107 12 109 46 16 146 110 55 56 57 91 7 63
8 21
1 3 10 11 19 25 37 50
64 129 3 132 78 105 11 109 77 110 15 53 116 85 41 56 122 111 28 125 95
6 2
1 16 23 24 26 38
131 45
3 4
1 37 38
49 117 150 45
5 11
1 2 22 31 46
132 135 72 78 111 80 149 22 120 123 28
8 8
1 10 11 25 26 28 35 48
32 128 1 65 141 78 15 88
8 25
1 2 6 9 14 36 39 44
5 7 136 138 19 133 34 35 37 38 43 48 51 52 55 56 58 59 61 75 88 99 147 117 122
2 10
1 6
32 131 146 107 44 109 113 114 57 127
9 3
1 8 22 32 34 39 40 42 49
40 12 21
4 5
1 2 4 20
112 4 58 116 40
9 15
1 2 6 11 20 22 29 43 46
64 1 2 103 43 76 126 142 111 116 46 56 47 94 127
10 17
1 2 14 15 18 20 23 31 33 43
65 83 4 139 45 46 114 51 121 117 54 55 132 26 28 29 85
5 1
1 12 13 24 33
71
7 4
1 9 13 21 26 27 47
98 50 67 109
10 25
1 9 16 19 21 22 36 37 42 50
1 134 135 12 23 25 27 28 29 31 34 49 59 63 64 66 68 71 76 77 86 106 111 116 123
9 19
1 3 4 8 11 15 20 32 43
130 67 66 101 38 71 73 74 77 78 27 81 20 57 59 28 61 62 31
5 8
1 2 7 27 50
35 71 108 77 78 82 115 89
7 15
1 3 8 11 34 36 39
65 37 6 97 105 11 14 47 48 149 118 119 143 92 61
4 15
1 24 27 33
1 131 134 8 139 141 111 80 145 123 52 117 27 60 21
7 18
1 4 20 26 29 31 44
64 99 4 70 72 75 14 113 50 20 117 118 23 88 25 63 28 95
8 25
1 16 24 26 28 34 35 37
130 133 134 7 136 137 139 141 143 16 18 147 22 23 150 34 41 53 56 61 90 106 109 119 127
9 9
1 4 6 33 35 40 42 46 49
65 35 5 77 46 78 23 27 61
10 20
1 2 5 12 15 17 18 25 28 47
65 67 100 133 102 71 40 9 44 141 93 144 145 121 90 38 28 61 126 95
8 9
1 8 12 31 36 40 42 44
27 6 72 73 109 46 52 54 91
2 13
1 11
99 94 77 81 91 20 30 23 123 60 29 62 127
2 19
1 14
98 34 6 7 9 44 2 93 111 17 147 137 126 41 24 57 143 13 62
9 23
1 8 11 17 22 24 35 39 40
2 4 6 136 20 29 34 49 58 59 61 62 67 69 70 77 88 97 103 104 108 109 116
7 17
1 4 8 10 13 44 48
32 75 17 101 38 39 107 76 141 47 49 19 100 71 103 28 95
9 10
1 6 10 15 19 29 41 48 49
69 6 137 43 77 110 54 9 26 126
2 14
1 12
96 51 99 4 35 7 18 83 20 121 56 89 26 127
9 21
1 15 18 21 24 38 39 45 48
128 33 2 123 4 133 38 72 137 111 143 47 15 43 114 115 150 27 59 30 31
6 20
1 3 20 26 29 46
51 83 50 4 134 70 65 55 141 47 48 113 114 35 116 117 86 23 24 53
8 25
1 2 19 20 30 39 42 48
128 2 133 137 11 14 18 31 37 40 53 60 62 65 70 78 80 81 82 83 85 92 93 104 113
8 3
1 9 16 25 32 34 40 42
89 116 29
3 23
1 35 49
133 7 13 15 146 19 20 23 27 31 37 40 46 85 89 93 95 98 106 109 116 123 125
2 12
1 11
144 98 131 92 10 14 80 85 150 59 60 63
7 17
1 2 28 30 37 38 45
83 3 37 102 81 40 138 46 15 49 50 19 116 85 86 88 57
8 12
1 12 13 18 24 25 42 50
1 5 101 79 80 50 88 31 60 93 62 127
7 15
1 2 23 29 39 42 43
66 133 38 105 44 98 78 93 16 113 29 84 110 121 125
4 25
1 8 13 39
129 136 139 13 144 147 27 29 41 44 8 63 64 65 72 84 89 92 95 105 106 110 116 120 124
7 7
1 2 9 15 24 28 48
5 6 74 46 116 84 42
2 12
1 41
64 75 7 8 42 107 135 142 47 80 120 92
2 7
1 19
27 102 77 79 91 87 59
8 9
1 19 29 30 32 36 38 42
1 4 10 108 110 23 127 94 95
7 18
1 2 20 24 30 34 45
1 2 123 4 41 107 12 13 46 50 19 84 117 87 132 59 60 149
7 1
1 3 12 14 23 29 40
57
5 16
1 12 16 24 40
130 35 101 38 73 10 110 15 16 113 134 118 9 22 60 126
5 1
1 12 22 24 34
67
5 4
1 17 21 30 40
113 114 124 26
5 25
1 5 34 43 50
128 2 5 134 136 10 13 15 145 20 36 42 43 62 70 85 87 88 90 96 99 100 118 122 123
5 13
1 6 14 19 37
64 144 2 121 104 140 141 47 80 84 87 25 93
3 12
1 37 47
96 130 39 106 109 46 50 83 94 92 61 62
8 9
1 11 18 29 34 35 38 49
37 107 140 77 14 80 23 56 61
9 10
1 14 25 36 39 44 45 46 50
108 112 17 147 86 56 90 27 124 127
3 14
1 4 39
129 6 137 44 114 14 77 82 150 120 89 59 124 61
8 14
1 2 11 19 26 33 35 42
1 36 70 6 44 126 79 18 62 118 121 58 94 63
9 11
1 4 12 23 27 33 40 44 46
32 2 98 37 71 45 80 113 122 91 26
10 5
1 16 19 23 26 28 34 37 43 50
40 132 46 14 61
6 21
1 4 19 22 29 31
68 100 133 71 40 42 11 140 109 16 53 19 116 117 118 121 74 92 138 4 31
4 18
1 2 26 45
1 3 150 135 42 87 86 93 51 116 53 118 119 39 26 59 28 74
10 22
1 6 9 11 14 15 37 39 40 44
129 135 137 10 141 146 20 33 38 40 47 48 68 72 81 83 87 93 100 103 119 125
9 19
1 3 7 15 18 21 24 29 40
130 99 150 39 73 103 87 81 82 83 84 53 118 105 71 63 93 94 31
4 11
1 6 22 33
130 3 70 146 46 47 82 118 88 58 127
4 10
1 4 11 38
1 66 97 9 106 135 140 149 41 58
6 16
1 6 11 21 41 48
32 34 107 118 134 8 73 74 139 77 110 49 85 86 54 124
4 23
1 16 29 35
129 6 140 14 146 21 22 28 33 38 39 49 50 58 71 79 80 83 100 110 111 112 126
6 12
1 2 8 11 35 50
34 3 6 39 73 10 77 17 83 118 57 94
7 4
1 3 4 12 33 47 49
64 128 29 95
